"Status","Start Time","Stop Time","Duration in ms","Parent Suite","Suite","Sub Suite","Test Class","Test Method","Name","Description"
"passed","Mon Oct 14 14:41:33 GMT 2024","Mon Oct 14 14:41:33 GMT 2024","158","JSONPlaceholder Tests","","","","","Test name 1",""
